Mplus VERSION 8.8
MUTHEN & MUTHEN

INPUT INSTRUCTIONS

  Title:

  Data:
     File is MQOL_MI_SCORESlist.DAT;
     TYPE = IMPUTATION;

  Variable:
     Names are
      MQOL_PHY
      MQOL_PSY
      MQOL_EXI
      MQOL_SOC
      MQOL_BUR
      MQOL_ENV
      MQOL_COG
      MQOL_QC
      MQOL_TOT
      SITE
      GROUP
      DAYSSIN3
      P_FOLLOW
      PERIOD_2
      MPLUSID;

  MISSING ARE *;

  USEVARIABLES ARE Site group DaysSin3 P_Follow
  MQOL_PHY
  MQOL_PSY
  MQOL_EXI
  MQOL_SOC
  MQOL_BUR
  MQOL_ENV
  MQOL_COG
  MQOL_QC
  MQOL_TOT

  PHY1-PHY7
  PSY1-PSY7
  EXI1-EXI7
  SOC1-SOC7
  BUR1-BUR7
  ENV1-ENV7
  COG1-COG7
  QC1-QC7
  TOT1-TOT7;

  DATA LONGTOWIDE:
  LONG =
  MQOL_PHY|
  MQOL_PSY|
  MQOL_EXI|
  MQOL_SOC|
  MQOL_BUR|
  MQOL_ENV|
  MQOL_COG|
  MQOL_QC|
  MQOL_TOT;

  WIDE =
  PHY1-PHY7|
  PSY1-PSY7|
  EXI1-EXI7|
  SOC1-SOC7|
  BUR1-BUR7|
  ENV1-ENV7|
  COG1-COG7|
  QC1-QC7|
  TOT1-TOT7;

  IDVARIABLE = mplusid;
  REPETITION = Period_2 (1 2 3 4 5 6 7);

  Analysis:
  Type = BASIC;

  SAVEDATA:
  FILE IS MQOL_WIDEFORMAT*.DAT;



INPUT READING TERMINATED NORMALLY




SUMMARY OF ANALYSIS

Number of groups                                                 1
Average number of observations                                 331

Number of replications
    Requested                                                   10
    Completed                                                   10

Number of dependent variables                                   67
Number of independent variables                                  0
Number of continuous latent variables                            0

Observed dependent variables

  Continuous
   SITE        GROUP       DAYSSIN3    P_FOLLOW    PHY1        PHY2
   PHY3        PHY4        PHY5        PHY6        PHY7        PSY1
   PSY2        PSY3        PSY4        PSY5        PSY6        PSY7
   EXI1        EXI2        EXI3        EXI4        EXI5        EXI6
   EXI7        SOC1        SOC2        SOC3        SOC4        SOC5
   SOC6        SOC7        BUR1        BUR2        BUR3        BUR4
   BUR5        BUR6        BUR7        ENV1        ENV2        ENV3
   ENV4        ENV5        ENV6        ENV7        COG1        COG2
   COG3        COG4        COG5        COG6        COG7        QC1
   QC2         QC3         QC4         QC5         QC6         QC7
   TOT1        TOT2        TOT3        TOT4        TOT5        TOT6
   TOT7

Variables with special functions

  ID variable           MPLUSID

Estimator                                                       ML
Information matrix                                        OBSERVED
Maximum number of iterations                                  1000
Convergence criterion                                    0.500D-04
Maximum number of steepest descent iterations                   20
Maximum number of iterations for H1                           2000
Convergence criterion for H1                             0.100D-03

Input data file(s)
  Multiple data files from
    MQOL_MI_SCORESlist.DAT

Input data format  FREE


SUMMARY OF DATA FOR THE FIRST DATA SET

     Number of missing data patterns            50


SUMMARY OF MISSING DATA PATTERNS FOR THE FIRST DATA SET


     MISSING DATA PATTERNS (x = not missing)

           1  2  3  4  5  6  7  8  9 10 11 12 13 14 15 16 17 18 19 20
 SITE      x  x  x  x  x  x  x  x  x  x  x  x  x  x  x  x  x  x  x  x
 GROUP     x  x  x  x  x  x  x  x  x  x  x  x  x  x  x  x  x  x  x  x
 DAYSSIN3  x  x  x  x  x  x  x  x  x  x  x  x  x  x  x  x  x  x  x  x
 P_FOLLOW  x  x  x  x  x  x  x  x  x  x  x  x  x  x  x  x  x  x  x  x
 PHY1      x  x  x  x  x  x  x  x  x  x  x  x  x  x  x  x  x  x  x  x
 PHY2      x  x  x  x  x  x  x  x  x  x  x  x  x  x  x  x  x  x  x  x
 PHY3      x  x  x  x  x  x  x  x  x  x  x  x  x  x
 PHY4      x  x  x  x  x  x  x                       x  x  x  x  x  x
 PHY5      x  x  x  x           x  x  x  x           x  x  x  x
 PHY6      x  x        x  x     x  x        x  x     x  x        x  x
 PHY7      x     x     x        x     x     x        x     x     x
 PSY1      x  x  x  x  x  x  x  x  x  x  x  x  x  x  x  x  x  x  x  x
 PSY2      x  x  x  x  x  x  x  x  x  x  x  x  x  x  x  x  x  x  x  x
 PSY3      x  x  x  x  x  x  x  x  x  x  x  x  x  x
 PSY4      x  x  x  x  x  x  x                       x  x  x  x  x  x
 PSY5      x  x  x  x           x  x  x  x           x  x  x  x
 PSY6      x  x        x  x     x  x        x  x     x  x        x  x
 PSY7      x     x     x        x     x     x        x     x     x
 EXI1      x  x  x  x  x  x  x  x  x  x  x  x  x  x  x  x  x  x  x  x
 EXI2      x  x  x  x  x  x  x  x  x  x  x  x  x  x  x  x  x  x  x  x
 EXI3      x  x  x  x  x  x  x  x  x  x  x  x  x  x
 EXI4      x  x  x  x  x  x  x                       x  x  x  x  x  x
 EXI5      x  x  x  x           x  x  x  x           x  x  x  x
 EXI6      x  x        x  x     x  x        x  x     x  x        x  x
 EXI7      x     x     x        x     x     x        x     x     x
 SOC1      x  x  x  x  x  x  x  x  x  x  x  x  x  x  x  x  x  x  x  x
 SOC2      x  x  x  x  x  x  x  x  x  x  x  x  x  x  x  x  x  x  x  x
 SOC3      x  x  x  x  x  x  x  x  x  x  x  x  x  x
 SOC4      x  x  x  x  x  x  x                       x  x  x  x  x  x
 SOC5      x  x  x  x           x  x  x  x           x  x  x  x
 SOC6      x  x        x  x     x  x        x  x     x  x        x  x
 SOC7      x     x     x        x     x     x        x     x     x
 BUR1      x  x  x  x  x  x  x  x  x  x  x  x  x  x  x  x  x  x  x  x
 BUR2      x  x  x  x  x  x  x  x  x  x  x  x  x  x  x  x  x  x  x  x
 BUR3      x  x  x  x  x  x  x  x  x  x  x  x  x  x
 BUR4      x  x  x  x  x  x  x                       x  x  x  x  x  x
 BUR5      x  x  x  x           x  x  x  x           x  x  x  x
 BUR6      x  x        x  x     x  x        x  x     x  x        x  x
 BUR7      x     x     x        x     x     x        x     x     x
 ENV1      x  x  x  x  x  x  x  x  x  x  x  x  x  x  x  x  x  x  x  x
 ENV2      x  x  x  x  x  x  x  x  x  x  x  x  x  x  x  x  x  x  x  x
 ENV3      x  x  x  x  x  x  x  x  x  x  x  x  x  x
 ENV4      x  x  x  x  x  x  x                       x  x  x  x  x  x
 ENV5      x  x  x  x           x  x  x  x           x  x  x  x
 ENV6      x  x        x  x     x  x        x  x     x  x        x  x
 ENV7      x     x     x        x     x     x        x     x     x
 COG1      x  x  x  x  x  x  x  x  x  x  x  x  x  x  x  x  x  x  x  x
 COG2      x  x  x  x  x  x  x  x  x  x  x  x  x  x  x  x  x  x  x  x
 COG3      x  x  x  x  x  x  x  x  x  x  x  x  x  x
 COG4      x  x  x  x  x  x  x                       x  x  x  x  x  x
 COG5      x  x  x  x           x  x  x  x           x  x  x  x
 COG6      x  x        x  x     x  x        x  x     x  x        x  x
 COG7      x     x     x        x     x     x        x     x     x
 QC1       x  x  x  x  x  x  x  x  x  x  x  x  x  x  x  x  x  x  x  x
 QC2       x  x  x  x  x  x  x  x  x  x  x  x  x  x  x  x  x  x  x  x
 QC3       x  x  x  x  x  x  x  x  x  x  x  x  x  x
 QC4       x  x  x  x  x  x  x                       x  x  x  x  x  x
 QC5       x  x  x  x           x  x  x  x           x  x  x  x
 QC6       x  x        x  x     x  x        x  x     x  x        x  x
 QC7       x     x     x        x     x     x        x     x     x
 TOT1      x  x  x  x  x  x  x  x  x  x  x  x  x  x  x  x  x  x  x  x
 TOT2      x  x  x  x  x  x  x  x  x  x  x  x  x  x  x  x  x  x  x  x
 TOT3      x  x  x  x  x  x  x  x  x  x  x  x  x  x
 TOT4      x  x  x  x  x  x  x                       x  x  x  x  x  x
 TOT5      x  x  x  x           x  x  x  x           x  x  x  x
 TOT6      x  x        x  x     x  x        x  x     x  x        x  x
 TOT7      x     x     x        x     x     x        x     x     x

          21 22 23 24 25 26 27 28 29 30 31 32 33 34 35 36 37 38 39 40
 SITE      x  x  x  x  x  x  x  x  x  x  x  x  x  x  x  x  x  x  x  x
 GROUP     x  x  x  x  x  x  x  x  x  x  x  x  x  x  x  x  x  x  x  x
 DAYSSIN3  x  x  x  x  x  x  x  x  x  x  x  x  x  x  x  x  x  x  x  x
 P_FOLLOW  x  x  x  x  x  x  x  x  x  x  x  x  x  x  x  x  x  x  x  x
 PHY1      x  x  x  x  x  x  x  x  x  x  x  x  x  x  x  x  x  x  x  x
 PHY2      x  x  x  x  x  x  x
 PHY3                           x  x  x  x  x  x  x  x  x  x  x  x  x
 PHY4      x  x                 x  x  x  x  x  x  x
 PHY5            x  x  x        x  x  x  x           x  x  x  x
 PHY6            x  x     x     x  x        x  x     x  x        x
 PHY7      x     x        x     x     x     x        x     x     x
 PSY1      x  x  x  x  x  x  x  x  x  x  x  x  x  x  x  x  x  x  x  x
 PSY2      x  x  x  x  x  x  x
 PSY3                           x  x  x  x  x  x  x  x  x  x  x  x  x
 PSY4      x  x                 x  x  x  x  x  x  x
 PSY5            x  x  x        x  x  x  x           x  x  x  x
 PSY6            x  x     x     x  x        x  x     x  x        x
 PSY7      x     x        x     x     x     x        x     x     x
 EXI1      x  x  x  x  x  x  x  x  x  x  x  x  x  x  x  x  x  x  x  x
 EXI2      x  x  x  x  x  x  x
 EXI3                           x  x  x  x  x  x  x  x  x  x  x  x  x
 EXI4      x  x                 x  x  x  x  x  x  x
 EXI5            x  x  x        x  x  x  x           x  x  x  x
 EXI6            x  x     x     x  x        x  x     x  x        x
 EXI7      x     x        x     x     x     x        x     x     x
 SOC1      x  x  x  x  x  x  x  x  x  x  x  x  x  x  x  x  x  x  x  x
 SOC2      x  x  x  x  x  x  x
 SOC3                           x  x  x  x  x  x  x  x  x  x  x  x  x
 SOC4      x  x                 x  x  x  x  x  x  x
 SOC5            x  x  x        x  x  x  x           x  x  x  x
 SOC6            x  x     x     x  x        x  x     x  x        x
 SOC7      x     x        x     x     x     x        x     x     x
 BUR1      x  x  x  x  x  x  x  x  x  x  x  x  x  x  x  x  x  x  x  x
 BUR2      x  x  x  x  x  x  x
 BUR3                           x  x  x  x  x  x  x  x  x  x  x  x  x
 BUR4      x  x                 x  x  x  x  x  x  x
 BUR5            x  x  x        x  x  x  x           x  x  x  x
 BUR6            x  x     x     x  x        x  x     x  x        x
 BUR7      x     x        x     x     x     x        x     x     x
 ENV1      x  x  x  x  x  x  x  x  x  x  x  x  x  x  x  x  x  x  x  x
 ENV2      x  x  x  x  x  x  x
 ENV3                           x  x  x  x  x  x  x  x  x  x  x  x  x
 ENV4      x  x                 x  x  x  x  x  x  x
 ENV5            x  x  x        x  x  x  x           x  x  x  x
 ENV6            x  x     x     x  x        x  x     x  x        x
 ENV7      x     x        x     x     x     x        x     x     x
 COG1      x  x  x  x  x  x  x  x  x  x  x  x  x  x  x  x  x  x  x  x
 COG2      x  x  x  x  x  x  x
 COG3                           x  x  x  x  x  x  x  x  x  x  x  x  x
 COG4      x  x                 x  x  x  x  x  x  x
 COG5            x  x  x        x  x  x  x           x  x  x  x
 COG6            x  x     x     x  x        x  x     x  x        x
 COG7      x     x        x     x     x     x        x     x     x
 QC1       x  x  x  x  x  x  x  x  x  x  x  x  x  x  x  x  x  x  x  x
 QC2       x  x  x  x  x  x  x
 QC3                            x  x  x  x  x  x  x  x  x  x  x  x  x
 QC4       x  x                 x  x  x  x  x  x  x
 QC5             x  x  x        x  x  x  x           x  x  x  x
 QC6             x  x     x     x  x        x  x     x  x        x
 QC7       x     x        x     x     x     x        x     x     x
 TOT1      x  x  x  x  x  x  x  x  x  x  x  x  x  x  x  x  x  x  x  x
 TOT2      x  x  x  x  x  x  x
 TOT3                           x  x  x  x  x  x  x  x  x  x  x  x  x
 TOT4      x  x                 x  x  x  x  x  x  x
 TOT5            x  x  x        x  x  x  x           x  x  x  x
 TOT6            x  x     x     x  x        x  x     x  x        x
 TOT7      x     x        x     x     x     x        x     x     x

          41 42 43 44 45 46 47 48 49 50
 SITE      x  x  x  x  x  x  x  x  x  x
 GROUP     x  x  x  x  x  x  x  x  x  x
 DAYSSIN3  x  x  x  x  x  x  x  x  x  x
 P_FOLLOW  x  x  x  x  x  x  x  x  x  x
 PHY1      x  x  x  x  x  x  x  x  x  x
 PHY2
 PHY3
 PHY4      x  x  x  x  x  x  x
 PHY5      x  x  x  x           x  x
 PHY6      x  x        x  x     x
 PHY7      x     x     x        x
 PSY1      x  x  x  x  x  x  x  x  x  x
 PSY2
 PSY3
 PSY4      x  x  x  x  x  x  x
 PSY5      x  x  x  x           x  x
 PSY6      x  x        x  x     x
 PSY7      x     x     x        x
 EXI1      x  x  x  x  x  x  x  x  x  x
 EXI2
 EXI3
 EXI4      x  x  x  x  x  x  x
 EXI5      x  x  x  x           x  x
 EXI6      x  x        x  x     x
 EXI7      x     x     x        x
 SOC1      x  x  x  x  x  x  x  x  x  x
 SOC2
 SOC3
 SOC4      x  x  x  x  x  x  x
 SOC5      x  x  x  x           x  x
 SOC6      x  x        x  x     x
 SOC7      x     x     x        x
 BUR1      x  x  x  x  x  x  x  x  x  x
 BUR2
 BUR3
 BUR4      x  x  x  x  x  x  x
 BUR5      x  x  x  x           x  x
 BUR6      x  x        x  x     x
 BUR7      x     x     x        x
 ENV1      x  x  x  x  x  x  x  x  x  x
 ENV2
 ENV3
 ENV4      x  x  x  x  x  x  x
 ENV5      x  x  x  x           x  x
 ENV6      x  x        x  x     x
 ENV7      x     x     x        x
 COG1      x  x  x  x  x  x  x  x  x  x
 COG2
 COG3
 COG4      x  x  x  x  x  x  x
 COG5      x  x  x  x           x  x
 COG6      x  x        x  x     x
 COG7      x     x     x        x
 QC1       x  x  x  x  x  x  x  x  x  x
 QC2
 QC3
 QC4       x  x  x  x  x  x  x
 QC5       x  x  x  x           x  x
 QC6       x  x        x  x     x
 QC7       x     x     x        x
 TOT1      x  x  x  x  x  x  x  x  x  x
 TOT2
 TOT3
 TOT4      x  x  x  x  x  x  x
 TOT5      x  x  x  x           x  x
 TOT6      x  x        x  x     x
 TOT7      x     x     x        x


     MISSING DATA PATTERN FREQUENCIES

    Pattern   Frequency     Pattern   Frequency     Pattern   Frequency
          1          42          18           6          35           1
          2          10          19           4          36           1
          3           7          20           3          37           1
          4          13          21           1          38           2
          5          13          22           6          39           1
          6           5          23           1          40           9
          7          10          24           3          41           5
          8           8          25           1          42           2
          9           3          26           1          43           2
         10           1          27          27          44           1
         11           2          28           9          45           1
         12           1          29           6          46           1
         13           1          30           1          47           5
         14          15          31           2          48           1
         15          10          32           3          49           2
         16           5          33           1          50          71
         17           2          34           2


COVARIANCE COVERAGE OF DATA FOR THE FIRST DATA SET

Minimum covariance coverage value   0.100


     PROPORTION OF DATA PRESENT


           Covariance Coverage
              SITE          GROUP         DAYSSIN3      P_FOLLOW      PHY1
              ________      ________      ________      ________      ________
 SITE           1.000
 GROUP          1.000         1.000
 DAYSSIN3       1.000         1.000         1.000
 P_FOLLOW       1.000         1.000         1.000         1.000
 PHY1           1.000         1.000         1.000         1.000         1.000
 PHY2           0.607         0.607         0.607         0.607         0.607
 PHY3           0.514         0.514         0.514         0.514         0.514
 PHY4           0.538         0.538         0.538         0.538         0.538
 PHY5           0.453         0.453         0.453         0.453         0.453
 PHY6           0.429         0.429         0.429         0.429         0.429
 PHY7           0.350         0.350         0.350         0.350         0.350
 PSY1           1.000         1.000         1.000         1.000         1.000
 PSY2           0.607         0.607         0.607         0.607         0.607
 PSY3           0.514         0.514         0.514         0.514         0.514
 PSY4           0.538         0.538         0.538         0.538         0.538
 PSY5           0.453         0.453         0.453         0.453         0.453
 PSY6           0.429         0.429         0.429         0.429         0.429
 PSY7           0.350         0.350         0.350         0.350         0.350
 EXI1           1.000         1.000         1.000         1.000         1.000
 EXI2           0.607         0.607         0.607         0.607         0.607
 EXI3           0.514         0.514         0.514         0.514         0.514
 EXI4           0.538         0.538         0.538         0.538         0.538
 EXI5           0.453         0.453         0.453         0.453         0.453
 EXI6           0.429         0.429         0.429         0.429         0.429
 EXI7           0.350         0.350         0.350         0.350         0.350
 SOC1           1.000         1.000         1.000         1.000         1.000
 SOC2           0.607         0.607         0.607         0.607         0.607
 SOC3           0.514         0.514         0.514         0.514         0.514
 SOC4           0.538         0.538         0.538         0.538         0.538
 SOC5           0.453         0.453         0.453         0.453         0.453
 SOC6           0.429         0.429         0.429         0.429         0.429
 SOC7           0.350         0.350         0.350         0.350         0.350
 BUR1           1.000         1.000         1.000         1.000         1.000
 BUR2           0.607         0.607         0.607         0.607         0.607
 BUR3           0.514         0.514         0.514         0.514         0.514
 BUR4           0.538         0.538         0.538         0.538         0.538
 BUR5           0.453         0.453         0.453         0.453         0.453
 BUR6           0.429         0.429         0.429         0.429         0.429
 BUR7           0.350         0.350         0.350         0.350         0.350
 ENV1           1.000         1.000         1.000         1.000         1.000
 ENV2           0.607         0.607         0.607         0.607         0.607
 ENV3           0.514         0.514         0.514         0.514         0.514
 ENV4           0.538         0.538         0.538         0.538         0.538
 ENV5           0.453         0.453         0.453         0.453         0.453
 ENV6           0.429         0.429         0.429         0.429         0.429
 ENV7           0.350         0.350         0.350         0.350         0.350
 COG1           1.000         1.000         1.000         1.000         1.000
 COG2           0.607         0.607         0.607         0.607         0.607
 COG3           0.514         0.514         0.514         0.514         0.514
 COG4           0.538         0.538         0.538         0.538         0.538
 COG5           0.453         0.453         0.453         0.453         0.453
 COG6           0.429         0.429         0.429         0.429         0.429
 COG7           0.350         0.350         0.350         0.350         0.350
 QC1            1.000         1.000         1.000         1.000         1.000
 QC2            0.607         0.607         0.607         0.607         0.607
 QC3            0.514         0.514         0.514         0.514         0.514
 QC4            0.538         0.538         0.538         0.538         0.538
 QC5            0.453         0.453         0.453         0.453         0.453
 QC6            0.429         0.429         0.429         0.429         0.429
 QC7            0.350         0.350         0.350         0.350         0.350
 TOT1           1.000         1.000         1.000         1.000         1.000
 TOT2           0.607         0.607         0.607         0.607         0.607
 TOT3           0.514         0.514         0.514         0.514         0.514
 TOT4           0.538         0.538         0.538         0.538         0.538
 TOT5           0.453         0.453         0.453         0.453         0.453
 TOT6           0.429         0.429         0.429         0.429         0.429
 TOT7           0.350         0.350         0.350         0.350         0.350


           Covariance Coverage
              PHY2          PHY3          PHY4          PHY5          PHY6
              ________      ________      ________      ________      ________
 PHY2           0.607
 PHY3           0.396         0.514
 PHY4           0.414         0.375         0.538
 PHY5           0.344         0.329         0.372         0.453
 PHY6           0.332         0.317         0.363         0.323         0.429
 PHY7           0.275         0.266         0.302         0.275         0.305
 PSY1           0.607         0.514         0.538         0.453         0.429
 PSY2           0.607         0.396         0.414         0.344         0.332
 PSY3           0.396         0.514         0.375         0.329         0.317
 PSY4           0.414         0.375         0.538         0.372         0.363
 PSY5           0.344         0.329         0.372         0.453         0.323
 PSY6           0.332         0.317         0.363         0.323         0.429
 PSY7           0.275         0.266         0.302         0.275         0.305
 EXI1           0.607         0.514         0.538         0.453         0.429
 EXI2           0.607         0.396         0.414         0.344         0.332
 EXI3           0.396         0.514         0.375         0.329         0.317
 EXI4           0.414         0.375         0.538         0.372         0.363
 EXI5           0.344         0.329         0.372         0.453         0.323
 EXI6           0.332         0.317         0.363         0.323         0.429
 EXI7           0.275         0.266         0.302         0.275         0.305
 SOC1           0.607         0.514         0.538         0.453         0.429
 SOC2           0.607         0.396         0.414         0.344         0.332
 SOC3           0.396         0.514         0.375         0.329         0.317
 SOC4           0.414         0.375         0.538         0.372         0.363
 SOC5           0.344         0.329         0.372         0.453         0.323
 SOC6           0.332         0.317         0.363         0.323         0.429
 SOC7           0.275         0.266         0.302         0.275         0.305
 BUR1           0.607         0.514         0.538         0.453         0.429
 BUR2           0.607         0.396         0.414         0.344         0.332
 BUR3           0.396         0.514         0.375         0.329         0.317
 BUR4           0.414         0.375         0.538         0.372         0.363
 BUR5           0.344         0.329         0.372         0.453         0.323
 BUR6           0.332         0.317         0.363         0.323         0.429
 BUR7           0.275         0.266         0.302         0.275         0.305
 ENV1           0.607         0.514         0.538         0.453         0.429
 ENV2           0.607         0.396         0.414         0.344         0.332
 ENV3           0.396         0.514         0.375         0.329         0.317
 ENV4           0.414         0.375         0.538         0.372         0.363
 ENV5           0.344         0.329         0.372         0.453         0.323
 ENV6           0.332         0.317         0.363         0.323         0.429
 ENV7           0.275         0.266         0.302         0.275         0.305
 COG1           0.607         0.514         0.538         0.453         0.429
 COG2           0.607         0.396         0.414         0.344         0.332
 COG3           0.396         0.514         0.375         0.329         0.317
 COG4           0.414         0.375         0.538         0.372         0.363
 COG5           0.344         0.329         0.372         0.453         0.323
 COG6           0.332         0.317         0.363         0.323         0.429
 COG7           0.275         0.266         0.302         0.275         0.305
 QC1            0.607         0.514         0.538         0.453         0.429
 QC2            0.607         0.396         0.414         0.344         0.332
 QC3            0.396         0.514         0.375         0.329         0.317
 QC4            0.414         0.375         0.538         0.372         0.363
 QC5            0.344         0.329         0.372         0.453         0.323
 QC6            0.332         0.317         0.363         0.323         0.429
 QC7            0.275         0.266         0.302         0.275         0.305
 TOT1           0.607         0.514         0.538         0.453         0.429
 TOT2           0.607         0.396         0.414         0.344         0.332
 TOT3           0.396         0.514         0.375         0.329         0.317
 TOT4           0.414         0.375         0.538         0.372         0.363
 TOT5           0.344         0.329         0.372         0.453         0.323
 TOT6           0.332         0.317         0.363         0.323         0.429
 TOT7           0.275         0.266         0.302         0.275         0.305


           Covariance Coverage
              PHY7          PSY1          PSY2          PSY3          PSY4
              ________      ________      ________      ________      ________
 PHY7           0.350
 PSY1           0.350         1.000
 PSY2           0.275         0.607         0.607
 PSY3           0.266         0.514         0.396         0.514
 PSY4           0.302         0.538         0.414         0.375         0.538
 PSY5           0.275         0.453         0.344         0.329         0.372
 PSY6           0.305         0.429         0.332         0.317         0.363
 PSY7           0.350         0.350         0.275         0.266         0.302
 EXI1           0.350         1.000         0.607         0.514         0.538
 EXI2           0.275         0.607         0.607         0.396         0.414
 EXI3           0.266         0.514         0.396         0.514         0.375
 EXI4           0.302         0.538         0.414         0.375         0.538
 EXI5           0.275         0.453         0.344         0.329         0.372
 EXI6           0.305         0.429         0.332         0.317         0.363
 EXI7           0.350         0.350         0.275         0.266         0.302
 SOC1           0.350         1.000         0.607         0.514         0.538
 SOC2           0.275         0.607         0.607         0.396         0.414
 SOC3           0.266         0.514         0.396         0.514         0.375
 SOC4           0.302         0.538         0.414         0.375         0.538
 SOC5           0.275         0.453         0.344         0.329         0.372
 SOC6           0.305         0.429         0.332         0.317         0.363
 SOC7           0.350         0.350         0.275         0.266         0.302
 BUR1           0.350         1.000         0.607         0.514         0.538
 BUR2           0.275         0.607         0.607         0.396         0.414
 BUR3           0.266         0.514         0.396         0.514         0.375
 BUR4           0.302         0.538         0.414         0.375         0.538
 BUR5           0.275         0.453         0.344         0.329         0.372
 BUR6           0.305         0.429         0.332         0.317         0.363
 BUR7           0.350         0.350         0.275         0.266         0.302
 ENV1           0.350         1.000         0.607         0.514         0.538
 ENV2           0.275         0.607         0.607         0.396         0.414
 ENV3           0.266         0.514         0.396         0.514         0.375
 ENV4           0.302         0.538         0.414         0.375         0.538
 ENV5           0.275         0.453         0.344         0.329         0.372
 ENV6           0.305         0.429         0.332         0.317         0.363
 ENV7           0.350         0.350         0.275         0.266         0.302
 COG1           0.350         1.000         0.607         0.514         0.538
 COG2           0.275         0.607         0.607         0.396         0.414
 COG3           0.266         0.514         0.396         0.514         0.375
 COG4           0.302         0.538         0.414         0.375         0.538
 COG5           0.275         0.453         0.344         0.329         0.372
 COG6           0.305         0.429         0.332         0.317         0.363
 COG7           0.350         0.350         0.275         0.266         0.302
 QC1            0.350         1.000         0.607         0.514         0.538
 QC2            0.275         0.607         0.607         0.396         0.414
 QC3            0.266         0.514         0.396         0.514         0.375
 QC4            0.302         0.538         0.414         0.375         0.538
 QC5            0.275         0.453         0.344         0.329         0.372
 QC6            0.305         0.429         0.332         0.317         0.363
 QC7            0.350         0.350         0.275         0.266         0.302
 TOT1           0.350         1.000         0.607         0.514         0.538
 TOT2           0.275         0.607         0.607         0.396         0.414
 TOT3           0.266         0.514         0.396         0.514         0.375
 TOT4           0.302         0.538         0.414         0.375         0.538
 TOT5           0.275         0.453         0.344         0.329         0.372
 TOT6           0.305         0.429         0.332         0.317         0.363
 TOT7           0.350         0.350         0.275         0.266         0.302


           Covariance Coverage
              PSY5          PSY6          PSY7          EXI1          EXI2
              ________      ________      ________      ________      ________
 PSY5           0.453
 PSY6           0.323         0.429
 PSY7           0.275         0.305         0.350
 EXI1           0.453         0.429         0.350         1.000
 EXI2           0.344         0.332         0.275         0.607         0.607
 EXI3           0.329         0.317         0.266         0.514         0.396
 EXI4           0.372         0.363         0.302         0.538         0.414
 EXI5           0.453         0.323         0.275         0.453         0.344
 EXI6           0.323         0.429         0.305         0.429         0.332
 EXI7           0.275         0.305         0.350         0.350         0.275
 SOC1           0.453         0.429         0.350         1.000         0.607
 SOC2           0.344         0.332         0.275         0.607         0.607
 SOC3           0.329         0.317         0.266         0.514         0.396
 SOC4           0.372         0.363         0.302         0.538         0.414
 SOC5           0.453         0.323         0.275         0.453         0.344
 SOC6           0.323         0.429         0.305         0.429         0.332
 SOC7           0.275         0.305         0.350         0.350         0.275
 BUR1           0.453         0.429         0.350         1.000         0.607
 BUR2           0.344         0.332         0.275         0.607         0.607
 BUR3           0.329         0.317         0.266         0.514         0.396
 BUR4           0.372         0.363         0.302         0.538         0.414
 BUR5           0.453         0.323         0.275         0.453         0.344
 BUR6           0.323         0.429         0.305         0.429         0.332
 BUR7           0.275         0.305         0.350         0.350         0.275
 ENV1           0.453         0.429         0.350         1.000         0.607
 ENV2           0.344         0.332         0.275         0.607         0.607
 ENV3           0.329         0.317         0.266         0.514         0.396
 ENV4           0.372         0.363         0.302         0.538         0.414
 ENV5           0.453         0.323         0.275         0.453         0.344
 ENV6           0.323         0.429         0.305         0.429         0.332
 ENV7           0.275         0.305         0.350         0.350         0.275
 COG1           0.453         0.429         0.350         1.000         0.607
 COG2           0.344         0.332         0.275         0.607         0.607
 COG3           0.329         0.317         0.266         0.514         0.396
 COG4           0.372         0.363         0.302         0.538         0.414
 COG5           0.453         0.323         0.275         0.453         0.344
 COG6           0.323         0.429         0.305         0.429         0.332
 COG7           0.275         0.305         0.350         0.350         0.275
 QC1            0.453         0.429         0.350         1.000         0.607
 QC2            0.344         0.332         0.275         0.607         0.607
 QC3            0.329         0.317         0.266         0.514         0.396
 QC4            0.372         0.363         0.302         0.538         0.414
 QC5            0.453         0.323         0.275         0.453         0.344
 QC6            0.323         0.429         0.305         0.429         0.332
 QC7            0.275         0.305         0.350         0.350         0.275
 TOT1           0.453         0.429         0.350         1.000         0.607
 TOT2           0.344         0.332         0.275         0.607         0.607
 TOT3           0.329         0.317         0.266         0.514         0.396
 TOT4           0.372         0.363         0.302         0.538         0.414
 TOT5           0.453         0.323         0.275         0.453         0.344
 TOT6           0.323         0.429         0.305         0.429         0.332
 TOT7           0.275         0.305         0.350         0.350         0.275


           Covariance Coverage
              EXI3          EXI4          EXI5          EXI6          EXI7
              ________      ________      ________      ________      ________
 EXI3           0.514
 EXI4           0.375         0.538
 EXI5           0.329         0.372         0.453
 EXI6           0.317         0.363         0.323         0.429
 EXI7           0.266         0.302         0.275         0.305         0.350
 SOC1           0.514         0.538         0.453         0.429         0.350
 SOC2           0.396         0.414         0.344         0.332         0.275
 SOC3           0.514         0.375         0.329         0.317         0.266
 SOC4           0.375         0.538         0.372         0.363         0.302
 SOC5           0.329         0.372         0.453         0.323         0.275
 SOC6           0.317         0.363         0.323         0.429         0.305
 SOC7           0.266         0.302         0.275         0.305         0.350
 BUR1           0.514         0.538         0.453         0.429         0.350
 BUR2           0.396         0.414         0.344         0.332         0.275
 BUR3           0.514         0.375         0.329         0.317         0.266
 BUR4           0.375         0.538         0.372         0.363         0.302
 BUR5           0.329         0.372         0.453         0.323         0.275
 BUR6           0.317         0.363         0.323         0.429         0.305
 BUR7           0.266         0.302         0.275         0.305         0.350
 ENV1           0.514         0.538         0.453         0.429         0.350
 ENV2           0.396         0.414         0.344         0.332         0.275
 ENV3           0.514         0.375         0.329         0.317         0.266
 ENV4           0.375         0.538         0.372         0.363         0.302
 ENV5           0.329         0.372         0.453         0.323         0.275
 ENV6           0.317         0.363         0.323         0.429         0.305
 ENV7           0.266         0.302         0.275         0.305         0.350
 COG1           0.514         0.538         0.453         0.429         0.350
 COG2           0.396         0.414         0.344         0.332         0.275
 COG3           0.514         0.375         0.329         0.317         0.266
 COG4           0.375         0.538         0.372         0.363         0.302
 COG5           0.329         0.372         0.453         0.323         0.275
 COG6           0.317         0.363         0.323         0.429         0.305
 COG7           0.266         0.302         0.275         0.305         0.350
 QC1            0.514         0.538         0.453         0.429         0.350
 QC2            0.396         0.414         0.344         0.332         0.275
 QC3            0.514         0.375         0.329         0.317         0.266
 QC4            0.375         0.538         0.372         0.363         0.302
 QC5            0.329         0.372         0.453         0.323         0.275
 QC6            0.317         0.363         0.323         0.429         0.305
 QC7            0.266         0.302         0.275         0.305         0.350
 TOT1           0.514         0.538         0.453         0.429         0.350
 TOT2           0.396         0.414         0.344         0.332         0.275
 TOT3           0.514         0.375         0.329         0.317         0.266
 TOT4           0.375         0.538         0.372         0.363         0.302
 TOT5           0.329         0.372         0.453         0.323         0.275
 TOT6           0.317         0.363         0.323         0.429         0.305
 TOT7           0.266         0.302         0.275         0.305         0.350


           Covariance Coverage
              SOC1          SOC2          SOC3          SOC4          SOC5
              ________      ________      ________      ________      ________
 SOC1           1.000
 SOC2           0.607         0.607
 SOC3           0.514         0.396         0.514
 SOC4           0.538         0.414         0.375         0.538
 SOC5           0.453         0.344         0.329         0.372         0.453
 SOC6           0.429         0.332         0.317         0.363         0.323
 SOC7           0.350         0.275         0.266         0.302         0.275
 BUR1           1.000         0.607         0.514         0.538         0.453
 BUR2           0.607         0.607         0.396         0.414         0.344
 BUR3           0.514         0.396         0.514         0.375         0.329
 BUR4           0.538         0.414         0.375         0.538         0.372
 BUR5           0.453         0.344         0.329         0.372         0.453
 BUR6           0.429         0.332         0.317         0.363         0.323
 BUR7           0.350         0.275         0.266         0.302         0.275
 ENV1           1.000         0.607         0.514         0.538         0.453
 ENV2           0.607         0.607         0.396         0.414         0.344
 ENV3           0.514         0.396         0.514         0.375         0.329
 ENV4           0.538         0.414         0.375         0.538         0.372
 ENV5           0.453         0.344         0.329         0.372         0.453
